# Shape of the data array: (3, 3)
CELL(0, 0):
1.64132682 + 0.00000000j, -1.58159106 - 0.00000000j, -0.00504666 - 0.00000141j, 0.00613143 + 0.00000019j, 0.00099235 + 0.00000008j, 0.01032298 - 0.00000089j
-1.58159106 + 0.00000000j, 13.40894978 - 0.00000000j, -0.01262149 + 0.00001811j, 0.01474381 + 0.00001552j, 0.00046351 - 0.00000083j, 0.00382406 + 0.00000054j
-0.00504666 + 0.00000141j, -0.01262149 - 0.00001811j, 5.56248024 + 0.00000000j, 0.00117871 - 0.00022009j, 0.00659532 - 0.00000359j, 0.00916176 - 0.00000140j
0.00613143 - 0.00000019j, 0.01474381 - 0.00001552j, 0.00117871 + 0.00022009j, 5.56238510 - 0.00000000j, 0.00953476 + 0.00001059j, -0.00649140 - 0.00000941j
0.00099235 - 0.00000008j, 0.00046351 + 0.00000083j, 0.00659532 + 0.00000359j, 0.00953476 - 0.00001059j, 13.26670790 - 0.00000000j, 0.00000498 - 0.00000255j
0.01032298 + 0.00000089j, 0.00382406 - 0.00000054j, 0.00916176 + 0.00000140j, -0.00649140 + 0.00000941j, 0.00000498 + 0.00000255j, 12.86302631 - 0.00000000j
CELL(0, 1):
-0.37777051 + 0.00000062j, 0.50345364 + 0.00000001j, 0.45908961 + 0.00000274j, 0.00049327 + 0.00017133j, -0.28288091 - 0.00000125j, 0.00095175 - 0.00003008j
0.50687523 + 0.00000163j, -0.68023315 - 0.00000162j, -0.57443146 - 0.00001380j, -0.00249987 + 0.00045800j, 0.29232402 + 0.00000087j, -0.00232734 + 0.00000536j
-0.46430256 - 0.00000159j, 0.57952988 + 0.00001667j, 0.58365654 + 0.00000122j, 0.00101557 + 0.00003138j, -0.36707430 + 0.00000728j, 0.00149241 + 0.00043751j
0.00113865 + 0.00017008j, -0.00174151 + 0.00048496j, -0.00098534 - 0.00003129j, -0.17163284 - 0.00000022j, 0.00035127 - 0.00053358j, 0.27546516 + 0.00001020j
-0.28498135 - 0.00000245j, 0.29199248 + 0.00000008j, 0.36454715 - 0.00000239j, 0.00092412 - 0.00051324j, -0.28306263 + 0.00000124j, 0.00048158 + 0.00000076j
0.00074637 + 0.00002959j, -0.00372929 - 0.00000302j, -0.00337779 + 0.00042705j, -0.27737855 - 0.00000316j, 0.00179798 - 0.00000290j, 0.42313571 - 0.00000124j
CELL(0, 2):
0.03589418 + 0.00000000j, -0.07265129 - 0.00000000j, 0.00042517 - 0.00000094j, -0.00023688 - 0.00000041j, 0.03188383 - 0.00000024j, -0.00036045 + 0.00003064j
-0.07265129 + 0.00000000j, 0.13312420 + 0.00000000j, -0.00066130 + 0.00001581j, 0.00044573 + 0.00001198j, -0.05774249 + 0.00000006j, 0.00103949 + 0.00003013j
0.00042517 + 0.00000094j, -0.00066130 - 0.00001581j, -0.05129881 + 0.00000000j, -0.00005397 + 0.00005815j, 0.00034196 - 0.00000530j, 0.00008796 - 0.00000526j
-0.00023688 + 0.00000041j, 0.00044573 - 0.00001198j, -0.00005397 - 0.00005815j, -0.00879479 + 0.00000000j, -0.00022082 + 0.00000884j, 0.00000298 - 0.00000802j
0.03188383 + 0.00000024j, -0.05774249 - 0.00000006j, 0.00034196 + 0.00000530j, -0.00022082 - 0.00000884j, 0.02580926 + 0.00000000j, -0.00040286 - 0.00000998j
-0.00036045 - 0.00003064j, 0.00103949 - 0.00003013j, 0.00008796 + 0.00000526j, 0.00000298 + 0.00000802j, -0.00040286 + 0.00000998j, 0.02932843 + 0.00000000j
CELL(1, 0):
-0.37742426 + 0.00000014j, 0.50655259 + 0.00000175j, -0.00107861 - 0.00016282j, 0.46458940 + 0.00000118j, 0.28509546 + 0.00000209j, 0.00083770 + 0.00002868j
0.50249144 + 0.00000013j, -0.67974306 - 0.00000143j, 0.00125506 - 0.00049468j, -0.57942266 - 0.00001451j, -0.29244548 + 0.00000007j, -0.00344888 - 0.00000308j
-0.00045584 - 0.00016407j, 0.00207115 - 0.00046217j, -0.17183704 - 0.00000002j, 0.00100279 + 0.00001973j, 0.00077352 - 0.00052221j, 0.27790159 - 0.00000138j
-0.45825547 - 0.00000235j, 0.57332465 + 0.00001162j, -0.00091444 - 0.00002064j, 0.58363444 + 0.00000106j, 0.36398247 - 0.00000748j, 0.00290173 - 0.00042852j
0.28332613 + 0.00000088j, -0.29291738 - 0.00000074j, 0.00016577 - 0.00053489j, -0.36779485 + 0.00001221j, -0.28368890 + 0.00000098j, -0.00157561 + 0.00000333j
0.00083509 - 0.00002928j, -0.00260500 + 0.00000571j, -0.27517739 - 0.00000580j, -0.00200085 - 0.00045033j, -0.00071008 - 0.00000036j, 0.42315193 - 0.00000072j
CELL(1, 1):
-0.05296929 - 0.00000006j, 0.09180555 - 0.00000107j, 0.05731748 + 0.00002199j, 0.05803702 - 0.00002505j, 0.00015341 + 0.00007954j, -0.11216586 + 0.00000125j
0.09133852 - 0.00000105j, -0.15120267 + 0.00000158j, -0.10052051 + 0.00031692j, -0.10228871 - 0.00028910j, -0.00015064 - 0.00006474j, 0.18691748 - 0.00000147j
-0.05818834 + 0.00002530j, 0.10195949 + 0.00028606j, 0.06811137 - 0.00000069j, 0.05390972 + 0.00001853j, 0.00086231 + 0.00027539j, -0.10027738 - 0.00018642j
-0.05717332 - 0.00002218j, 0.10091218 - 0.00031503j, 0.05253563 - 0.00001865j, 0.06810879 - 0.00000060j, -0.00045999 + 0.00028764j, -0.09913455 + 0.00017634j
-0.00015289 - 0.00007954j, 0.00000884 + 0.00006504j, -0.00074215 + 0.00028485j, 0.00059808 + 0.00026995j, 0.01411207 - 0.00000118j, 0.00014701 + 0.00000144j
-0.11181564 + 0.00000120j, 0.18678821 - 0.00000162j, 0.09885434 - 0.00017875j, 0.10039431 + 0.00019395j, -0.00003589 - 0.00000205j, -0.11801860 + 0.00000094j
CELL(1, 2):
0.00945250 + 0.00000021j, -0.02263354 + 0.00000051j, 0.00000076 - 0.00001332j, -0.00231702 + 0.00000059j, 0.00531434 + 0.00000068j, 0.00001349 - 0.00002164j
-0.02258903 - 0.00000012j, 0.04816917 - 0.00000041j, 0.00016846 - 0.00021205j, 0.00678943 - 0.00001321j, -0.01067533 - 0.00000012j, 0.00014908 + 0.00000047j
0.00021702 - 0.00001534j, -0.00063071 - 0.00018019j, -0.01600529 + 0.00000001j, -0.00003939 - 0.00002545j, 0.00005240 - 0.00018104j, 0.01084269 + 0.00000341j
0.00226105 - 0.00000073j, -0.00644242 + 0.00001167j, -0.00000994 + 0.00002565j, 0.00639308 + 0.00000023j, 0.00446980 - 0.00000811j, -0.00002434 - 0.00009305j
0.00520289 + 0.00000010j, -0.01060227 + 0.00000007j, 0.00009958 - 0.00019148j, -0.00455956 + 0.00001015j, 0.00083398 + 0.00000019j, 0.00003804 - 0.00000996j
0.00018759 + 0.00002088j, 0.00006954 + 0.00000043j, -0.01087072 - 0.00000554j, 0.00000985 - 0.00011105j, 0.00008786 + 0.00001086j, -0.02268631 - 0.00000023j
CELL(2, 0):
0.03591236 + 0.00000000j, -0.07262396 + 0.00000000j, 0.00018508 - 0.00000050j, -0.00050190 - 0.00000086j, -0.03177970 - 0.00000022j, -0.00037283 - 0.00003045j
-0.07262396 - 0.00000000j, 0.13299721 + 0.00000000j, -0.00040594 + 0.00001470j, 0.00075897 + 0.00001323j, 0.05781012 + 0.00000004j, 0.00105214 - 0.00003032j
0.00018508 + 0.00000050j, -0.00040594 - 0.00001470j, -0.00891081 + 0.00000000j, -0.00005025 + 0.00006134j, -0.00018697 - 0.00000448j, -0.00002256 - 0.00000290j
-0.00050190 + 0.00000086j, 0.00075897 - 0.00001323j, -0.00005025 - 0.00006134j, -0.05119626 + 0.00000000j, 0.00035598 + 0.00001028j, -0.00002966 - 0.00001111j
-0.03177970 + 0.00000022j, 0.05781012 - 0.00000004j, -0.00018697 + 0.00000448j, 0.00035598 - 0.00001028j, 0.02593637 + 0.00000000j, 0.00041245 - 0.00001004j
-0.00037283 + 0.00003045j, 0.00105214 + 0.00003032j, -0.00002256 + 0.00000290j, -0.00002966 + 0.00001111j, 0.00041245 + 0.00001004j, 0.02932359 + 0.00000000j
CELL(2, 1):
0.00951316 + 0.00000020j, -0.02263115 - 0.00000005j, -0.00218051 + 0.00000088j, -0.00026536 + 0.00001527j, -0.00529575 - 0.00000013j, 0.00018541 + 0.00002105j
-0.02267285 + 0.00000059j, 0.04820233 - 0.00000052j, 0.00652638 - 0.00001440j, 0.00069467 + 0.00018298j, 0.01073019 - 0.00000014j, 0.00007264 + 0.00000030j
0.00223893 - 0.00000073j, -0.00679655 + 0.00001595j, 0.00637413 + 0.00000029j, -0.00004418 - 0.00002565j, -0.00444197 + 0.00000571j, 0.00000955 + 0.00010498j
-0.00004157 + 0.00001358j, -0.00011353 + 0.00020914j, -0.00000262 + 0.00002592j, -0.01621181 + 0.00000006j, 0.00010725 - 0.00019507j, 0.01074494 + 0.00001086j
-0.00533826 - 0.00000069j, 0.01075896 + 0.00000004j, 0.00435697 - 0.00000361j, 0.00006163 - 0.00017551j, 0.00094684 + 0.00000034j, -0.00007219 - 0.00001070j
0.00001870 - 0.00002161j, 0.00014535 + 0.00000039j, 0.00004125 + 0.00009738j, -0.01072915 - 0.00000879j, -0.00006062 + 0.00001014j, -0.02266752 - 0.00000037j
CELL(2, 2):
0.00080410 + 0.00000000j, -0.00298615 - 0.00000000j, 0.00000130 - 0.00000088j, -0.00001804 - 0.00000075j, 0.00000824 - 0.00000030j, -0.00002207 - 0.00000007j
-0.00298615 + 0.00000000j, 0.00938840 + 0.00000000j, -0.00004394 + 0.00001567j, 0.00004865 + 0.00001282j, 0.00004325 + 0.00000031j, -0.00032963 + 0.00000001j
0.00000130 + 0.00000088j, -0.00004394 - 0.00001567j, -0.00469766 - 0.00000000j, -0.00006579 + 0.00002491j, 0.00000280 - 0.00000481j, -0.00002340 - 0.00000422j
-0.00001804 + 0.00000075j, 0.00004865 - 0.00001282j, -0.00006579 - 0.00002491j, -0.00481830 + 0.00000000j, -0.00000602 + 0.00000938j, 0.00000871 - 0.00000956j
0.00000824 + 0.00000030j, 0.00004325 - 0.00000031j, 0.00000280 + 0.00000481j, -0.00000602 - 0.00000938j, 0.00190976 + 0.00000000j, 0.00000034 + 0.00001842j
-0.00002207 + 0.00000007j, -0.00032963 - 0.00000001j, -0.00002340 + 0.00000422j, 0.00000871 + 0.00000956j, 0.00000034 - 0.00001842j, 0.02135793 + 0.00000000j
