# Shape of the data array: (4, 4)
Matrix at index (0, 0):
0.99993378 - 0.00000000j, -0.01148380 - 0.00000000j, -0.00032966 + 0.00000746j, 0.00042952 + 0.00000633j, 0.00001486 - 0.00000010j, -0.00051022 + 0.00000004j
0.01148479 + 0.00000000j, 0.99993303 + 0.00000000j, 0.00088805 - 0.00000700j, -0.00096336 - 0.00000606j, 0.00007442 + 0.00000046j, 0.00055920 - 0.00000017j
0.00031903 + 0.00000736j, -0.00089127 - 0.00000703j, 0.99999907 - 0.00003861j, 0.00000069 + 0.00001661j, -0.00050797 + 0.00000443j, -0.00083570 + 0.00000522j
-0.00041814 + 0.00000626j, 0.00096799 - 0.00000612j, 0.00000033 + 0.00001660j, 0.99999893 + 0.00003865j, -0.00085492 - 0.00000806j, 0.00053872 + 0.00001221j
-0.00001591 - 0.00000008j, -0.00007387 + 0.00000044j, 0.00050791 + 0.00000442j, 0.00085499 - 0.00000802j, 0.99999950 - 0.00000000j, -0.00000027 + 0.00000047j
0.00050426 + 0.00000004j, -0.00056629 - 0.00000016j, 0.00083504 + 0.00000519j, -0.00053796 + 0.00001221j, 0.00000027 + 0.00000046j, 0.99999922 + 0.00000001j
Matrix at index (0, 1):
0.99841615 - 0.00021721j, -0.00667404 + 0.00005895j, -0.00048596 + 0.05324459j, 0.00012957 - 0.00045501j, -0.01687434 + 0.00005987j, -0.00058941 + 0.00025686j
0.00909548 + 0.00009312j, 0.99902331 + 0.00001786j, 0.00103346 - 0.04071444j, -0.00039788 + 0.00003493j, 0.01449923 - 0.00002463j, 0.00072008 - 0.00020331j
0.00049345 + 0.05261212j, -0.00103989 - 0.04086424j, 0.99760322 - 0.00017990j, 0.00021194 + 0.00014653j, -0.00056927 - 0.01865060j, -0.00041390 - 0.00037178j
-0.00016434 - 0.00044524j, 0.00043021 + 0.00002158j, -0.00017674 + 0.00015760j, 0.99933398 - 0.00008718j, -0.00117518 - 0.00013497j, 0.00057244 + 0.03646078j
0.01770463 + 0.00007368j, -0.01536655 - 0.00002720j, 0.00053614 - 0.01712438j, 0.00118520 - 0.00014016j, 0.99957762 - 0.00006734j, 0.00016988 + 0.00006865j
0.00061541 + 0.00027184j, -0.00073780 - 0.00020707j, 0.00038564 - 0.00031428j, -0.00057983 + 0.03646056j, -0.00019192 + 0.00001108j, 0.99933422 + 0.00030195j
Matrix at index (0, 2):
0.99960539 - 0.00000007j, -0.00730953 + 0.00000025j, -0.00056594 - 0.00000013j, 0.00011533 - 0.00000043j, -0.02711194 + 0.00000011j, -0.00050277 - 0.00000527j
0.00789433 + 0.00000024j, 0.99973686 - 0.00000039j, 0.00110422 - 0.00000043j, -0.00063795 + 0.00000048j, 0.02148494 - 0.00000017j, 0.00081386 + 0.00000731j
0.00054211 - 0.00000013j, -0.00109556 - 0.00000045j, 0.99999879 + 0.00000226j, 0.00053436 - 0.00004150j, -0.00057862 - 0.00000027j, -0.00055704 - 0.00000102j
-0.00013383 - 0.00000044j, 0.00065767 + 0.00000052j, -0.00053367 - 0.00004150j, 0.99999902 - 0.00000205j, -0.00085953 + 0.00000046j, 0.00069281 + 0.00000043j
0.02694813 + 0.00000009j, -0.02169079 - 0.00000016j, 0.00053960 - 0.00000030j, 0.00087698 + 0.00000041j, 0.99940090 - 0.00000017j, 0.00029053 + 0.00000796j
0.00048871 - 0.00000500j, -0.00081209 + 0.00000717j, 0.00055607 - 0.00000097j, -0.00069219 + 0.00000040j, -0.00032120 + 0.00000825j, 0.99999911 + 0.00000073j
Matrix at index (0, 3):
0.99841599 + 0.00021704j, -0.00667497 - 0.00005840j, -0.00048664 - 0.05324580j, 0.00040677 + 0.00045370j, -0.01687556 - 0.00005945j, -0.00058994 - 0.00022981j
0.00909696 - 0.00009290j, 0.99902261 - 0.00001798j, 0.00103363 + 0.04071505j, -0.00120989 - 0.00003401j, 0.01450028 + 0.00002460j, 0.00071970 + 0.00018511j
0.00049407 - 0.05261305j, -0.00103970 + 0.04086460j, 0.99760272 + 0.00018744j, 0.00022072 - 0.00022752j, -0.00057190 + 0.01865038j, -0.00100375 + 0.00036983j
-0.00042784 + 0.00044415j, 0.00123749 - 0.00002086j, -0.00018406 - 0.00020231j, 0.99933377 + 0.00008189j, -0.00058602 + 0.00013580j, 0.00056663 - 0.03645998j
0.01770575 - 0.00007370j, -0.01536739 + 0.00002741j, 0.00053886 + 0.01712406j, 0.00061376 + 0.00014096j, 0.99957810 + 0.00006711j, 0.00016909 - 0.00006852j
0.00061625 - 0.00026641j, -0.00073840 + 0.00018336j, 0.00097503 + 0.00031252j, -0.00057319 - 0.03646009j, -0.00019174 - 0.00002215j, 0.99933384 - 0.00030100j
Matrix at index (1, 0):
0.99840918 + 0.00016991j, -0.00697539 - 0.00002461j, -0.00012330 - 0.00045554j, 0.00058869 + 0.05326783j, 0.01708878 + 0.00004858j, -0.00060081 - 0.00010595j
0.00940909 - 0.00005882j, 0.99901401 - 0.00003719j, 0.00040748 + 0.00003561j, -0.00110923 - 0.04080213j, -0.01468724 - 0.00003032j, 0.00072950 + 0.00007838j
0.00014364 - 0.00044642j, -0.00042774 + 0.00002294j, 0.99933296 + 0.00016648j, -0.00019654 - 0.00010776j, -0.00080851 + 0.00013253j, -0.00084839 + 0.03649326j
-0.00059059 + 0.05261366j, 0.00111327 - 0.04096086j, 0.00023201 - 0.00010971j, 0.99759383 + 0.00026459j, -0.00086291 + 0.01891856j, 0.00021120 - 0.00037766j
-0.01792703 + 0.00007791j, 0.01557441 - 0.00004469j, 0.00081854 + 0.00013763j, 0.00082542 + 0.01737128j, 0.99956635 + 0.00002741j, -0.00018572 + 0.00003539j
0.00062646 - 0.00011190j, -0.00074745 + 0.00007262j, 0.00085815 + 0.03649276j, -0.00019755 - 0.00031932j, 0.00020857 - 0.00000069j, 0.99933287 - 0.00044396j
Matrix at index (1, 1):
0.99109271 + 0.00007528j, 0.01560974 - 0.00002244j, -0.00023878 + 0.08931467j, 0.00030635 + 0.08914324j, -0.00018961 + 0.00000200j, 0.03959478 + 0.00010370j
-0.00189074 - 0.00002270j, 0.99463002 - 0.00001393j, 0.00078091 - 0.06823016j, -0.00084372 - 0.06801145j, 0.00020599 + 0.00004234j, -0.03775246 - 0.00011558j
0.00028321 + 0.08921043j, -0.00081599 - 0.06678760j, 0.99337413 - 0.00020336j, -0.00630166 + 0.00008777j, -0.00068657 - 0.01884169j, -0.00072845 + 0.01980508j
-0.00038397 + 0.08905280j, 0.00089240 - 0.06658463j, -0.00620557 - 0.00002589j, 0.99339886 + 0.00034576j, -0.00099010 + 0.01902703j, 0.00055134 + 0.01979636j
0.00017284 + 0.00013770j, -0.00019147 - 0.00003633j, 0.00067422 - 0.01881027j, 0.00097802 + 0.01905880j, 0.99964065 - 0.00004076j, 0.00005406 + 0.00008018j
-0.04292399 + 0.00011634j, 0.03964641 - 0.00012650j, 0.00075724 + 0.01346498j, -0.00062376 + 0.01346823j, -0.00004229 + 0.00002426j, 0.99810921 - 0.00007149j
Matrix at index (1, 2):
0.99319072 + 0.00039491j, 0.01993211 + 0.00000324j, -0.00036870 + 0.00001984j, 0.00028369 + 0.11462574j, -0.00587167 + 0.00001190j, -0.00099319 + 0.00008940j
-0.00992035 - 0.00008093j, 0.99614125 - 0.00019027j, 0.00099449 - 0.00004108j, -0.00094557 - 0.08717333j, 0.00143223 + 0.00000903j, 0.00101893 + 0.00000254j
0.00041092 + 0.00003795j, -0.00101106 - 0.00005522j, 0.99998750 + 0.00003496j, 0.00010898 - 0.00021128j, -0.00065613 - 0.00011130j, -0.00062344 + 0.00478635j
-0.00041513 + 0.11602828j, 0.00097572 - 0.08545152j, -0.00011648 - 0.00032487j, 0.98928659 + 0.00053787j, -0.00087867 + 0.02333446j, 0.00052934 + 0.00066432j
0.00313925 + 0.00010658j, 0.00068469 - 0.00004272j, 0.00066009 - 0.00011410j, 0.00085849 + 0.02388966j, 0.99970884 + 0.00003911j, -0.00002429 + 0.00004258j
0.00091981 + 0.00002953j, -0.00093930 + 0.00004570j, 0.00062296 + 0.00478642j, -0.00053259 + 0.00086071j, 0.00000208 + 0.00002590j, 0.99998696 - 0.00016090j
Matrix at index (1, 3):
0.99107960 + 0.00057252j, 0.01755381 - 0.00003045j, -0.00041647 - 0.08946178j, 0.00043754 + 0.08929540j, -0.00018238 + 0.00001892j, -0.03840934 - 0.00004531j
-0.00383931 - 0.00016023j, 0.99461763 - 0.00020720j, 0.00098575 + 0.06877224j, -0.00116258 - 0.06855533j, 0.00019925 - 0.00003121j, 0.03590430 + 0.00013122j
0.00052991 - 0.08952477j, -0.00100581 + 0.06719288j, 0.99332634 + 0.00034803j, 0.00633192 - 0.00044111j, -0.00066072 + 0.01872857j, -0.00071934 + 0.01948854j
-0.00058352 + 0.08936679j, 0.00120874 - 0.06698797j, 0.00628088 - 0.00043331j, 0.99335079 + 0.00049577j, -0.00079323 + 0.01892126j, 0.00032648 - 0.01949270j
0.00016463 + 0.00002816j, -0.00018337 - 0.00003407j, 0.00066522 + 0.01869812j, 0.00078529 + 0.01895177j, 0.99964497 + 0.00010679j, -0.00007138 - 0.00004763j
0.04176553 - 0.00010989j, -0.03771965 + 0.00018154j, 0.00064130 + 0.01335575j, -0.00023581 - 0.01337129j, 0.00006092 - 0.00003594j, 0.99823592 - 0.00048230j
Matrix at index (2, 0):
0.99959229 + 0.00000007j, -0.00752663 - 0.00000025j, -0.00019000 - 0.00000071j, 0.00068087 - 0.00000024j, 0.02752869 + 0.00000011j, -0.00052140 + 0.00000527j
0.00813556 - 0.00000024j, 0.99972300 + 0.00000039j, 0.00072239 + 0.00000101j, -0.00118487 - 0.00000008j, -0.02202539 - 0.00000017j, 0.00082892 - 0.00000725j
0.00019767 - 0.00000072j, -0.00073464 + 0.00000106j, 0.99999892 + 0.00000200j, -0.00056199 + 0.00005102j, -0.00048174 - 0.00000086j, -0.00101094 + 0.00000017j
-0.00064870 - 0.00000025j, 0.00117106 - 0.00000010j, 0.00056302 + 0.00005103j, 0.99999849 - 0.00000222j, -0.00084557 + 0.00000043j, 0.00045028 - 0.00000121j
-0.02735593 + 0.00000009j, 0.02224126 - 0.00000016j, 0.00050331 - 0.00000077j, 0.00080112 + 0.00000046j, 0.99937780 + 0.00000018j, -0.00032180 + 0.00000774j
0.00050614 + 0.00000500j, -0.00082673 - 0.00000711j, 0.00101015 + 0.00000014j, -0.00044925 - 0.00000113j, 0.00035410 + 0.00000804j, 0.99999886 - 0.00000074j
Matrix at index (2, 1):
0.99315754 - 0.00024480j, 0.02020374 - 0.00005161j, -0.00031111 + 0.11486278j, 0.00040240 + 0.00001159j, 0.00592675 - 0.00001118j, -0.00099994 - 0.00002534j
-0.01013624 + 0.00003038j, 0.99611324 + 0.00016776j, 0.00095847 - 0.08746098j, -0.00102617 - 0.00003838j, -0.00178270 + 0.00004751j, 0.00102309 - 0.00010559j
0.00040245 + 0.11629215j, -0.00097111 - 0.08571531j, 0.98923342 - 0.00039867j, -0.00015647 + 0.00035619j, -0.00057410 - 0.02331369j, -0.00073744 + 0.00067163j
-0.00044825 + 0.00003460j, 0.00104513 - 0.00005641j, 0.00014958 + 0.00024281j, 0.99998639 - 0.00002315j, -0.00093495 + 0.00011048j, 0.00049193 + 0.00497112j
-0.00319423 + 0.00004763j, -0.00034195 + 0.00002116j, 0.00056587 - 0.02390629j, 0.00093882 + 0.00011387j, 0.99970842 - 0.00008083j, -0.00001081 + 0.00010599j
0.00092567 + 0.00005919j, -0.00094227 - 0.00016471j, 0.00072331 + 0.00086888j, -0.00049139 + 0.00497148j, 0.00003371 + 0.00008367j, 0.99998598 + 0.00013330j
Matrix at index (2, 2):
0.99989740 + 0.00000000j, 0.01425318 + 0.00000000j, -0.00033719 - 0.00000034j, 0.00033015 - 0.00000029j, -0.00030166 + 0.00000007j, -0.00131039 - 0.00000002j
-0.01425079 + 0.00000000j, 0.99989665 - 0.00000000j, 0.00099478 + 0.00000024j, -0.00099802 + 0.00000020j, 0.00026677 - 0.00000013j, 0.00124167 + 0.00000010j
0.00035023 - 0.00000034j, -0.00098888 + 0.00000024j, 0.99999903 + 0.00000198j, -0.00001909 + 0.00000265j, -0.00059273 - 0.00000048j, -0.00070067 - 0.00000036j
-0.00034388 - 0.00000029j, 0.00099276 + 0.00000019j, 0.00002006 + 0.00000265j, 0.99999892 - 0.00000199j, -0.00087441 + 0.00000041j, 0.00054081 - 0.00000044j
0.00030532 + 0.00000008j, -0.00026214 - 0.00000014j, 0.00059237 - 0.00000047j, 0.00087478 + 0.00000041j, 0.99999936 + 0.00000000j, -0.00001792 + 0.00000646j
0.00132839 - 0.00000002j, -0.00122410 + 0.00000010j, 0.00069900 - 0.00000036j, -0.00053913 - 0.00000043j, 0.00001725 + 0.00000646j, 0.99999798 - 0.00000000j
Matrix at index (2, 3):
0.99315742 + 0.00024481j, 0.02020374 + 0.00005144j, -0.00031095 - 0.11486375j, 0.00043728 - 0.00001224j, 0.00592642 + 0.00001129j, -0.00099998 + 0.00003598j
-0.01013595 - 0.00003052j, 0.99611303 - 0.00016744j, 0.00095803 + 0.08746211j, -0.00113292 + 0.00003870j, -0.00178234 - 0.00004770j, 0.00102292 + 0.00009574j
0.00040273 - 0.11629311j, -0.00097102 + 0.08571643j, 0.98923318 + 0.00040292j, -0.00015567 - 0.00032900j, -0.00057438 + 0.02331260j, -0.00081295 - 0.00067204j
-0.00048109 - 0.00003516j, 0.00114839 + 0.00005660j, 0.00014886 - 0.00020089j, 0.99998634 + 0.00001860j, -0.00084964 - 0.00010963j, 0.00049075 - 0.00497254j
-0.00319399 - 0.00004753j, -0.00034224 - 0.00002134j, 0.00056607 + 0.02390520j, 0.00085252 - 0.00011299j, 0.99970853 + 0.00008092j, -0.00001094 - 0.00009464j
0.00092570 - 0.00005719j, -0.00094219 + 0.00016108j, 0.00080003 - 0.00086927j, -0.00049008 - 0.00497288j, 0.00003376 - 0.00007090j, 0.99998592 - 0.00013382j
Matrix at index (3, 0):
0.99840903 - 0.00016975j, -0.00697606 + 0.00002406j, -0.00039855 + 0.00045359j, 0.00058936 - 0.05326885j, 0.01708972 - 0.00004818j, -0.00060140 + 0.00007897j
0.00941028 + 0.00005860j, 0.99901331 + 0.00003731j, 0.00121664 - 0.00003370j, -0.00110942 + 0.04080279j, -0.01468778 + 0.00003030j, 0.00072875 - 0.00006058j
0.00040647 + 0.00044482j, -0.00123341 - 0.00002123j, 0.99933253 - 0.00016122j, -0.00020571 + 0.00018350j, -0.00021829 - 0.00013384j, -0.00084253 - 0.03649283j
-0.00059120 - 0.05261450j, 0.00111308 + 0.04096135j, 0.00024299 + 0.00022173j, 0.99759346 - 0.00027203j, -0.00086541 - 0.01891744j, 0.00080309 + 0.00037497j
-0.01792792 - 0.00007794j, 0.01557499 + 0.00004491j, 0.00024677 - 0.00013885j, 0.00082805 - 0.01737010j, 0.99956665 - 0.00002719j, -0.00018470 - 0.00003548j
0.00062744 + 0.00010667j, -0.00074790 - 0.00004948j, 0.00085142 - 0.03649252j, -0.00078782 + 0.00031691j, 0.00020847 - 0.00001047j, 0.99933260 + 0.00044302j
Matrix at index (3, 1):
0.99107962 - 0.00057258j, 0.01755385 + 0.00003057j, -0.00046706 + 0.08946021j, 0.00038497 - 0.08929673j, -0.00018156 + 0.00001342j, -0.03840936 + 0.00004525j
-0.00383940 + 0.00016029j, 0.99461766 + 0.00020703j, 0.00119173 - 0.06877043j, -0.00095418 + 0.06855680j, 0.00019863 + 0.00000699j, 0.03590418 - 0.00013119j
0.00059685 + 0.08952350j, -0.00122293 - 0.06719137j, 0.99332645 - 0.00041159j, 0.00632737 + 0.00043039j, -0.00049475 - 0.01872992j, -0.00054807 - 0.01948896j
-0.00051632 - 0.08936783j, 0.00099057 + 0.06698913j, 0.00628547 + 0.00046282j, 0.99335071 - 0.00043205j, -0.00095941 - 0.01891962j, 0.00049886 + 0.01949182j
0.00016399 - 0.00002791j, -0.00018287 + 0.00004072j, 0.00049623 - 0.01869956j, 0.00095478 - 0.01895002j, 0.99964493 - 0.00010665j, -0.00007074 + 0.00005378j
0.04176552 + 0.00010990j, -0.03771954 - 0.00018157j, 0.00045873 - 0.01335640j, -0.00041928 + 0.01337028j, 0.00006066 + 0.00004421j, 0.99823597 + 0.00048231j
Matrix at index (3, 2):
0.99319063 - 0.00039492j, 0.01993210 - 0.00000307j, -0.00040188 - 0.00002052j, 0.00028352 - 0.11462645j, -0.00587144 - 0.00001179j, -0.00099320 - 0.00010016j
-0.00992012 + 0.00008108j, 0.99614108 + 0.00018995j, 0.00109937 + 0.00004124j, -0.00094512 + 0.08717401j, 0.00143205 - 0.00000922j, 0.00101865 + 0.00000763j
0.00044357 - 0.00003852j, -0.00111362 + 0.00005523j, 0.99998743 - 0.00003041j, 0.00010790 + 0.00018303j, -0.00057105 + 0.00011053j, -0.00062226 - 0.00478747j
-0.00041541 - 0.11602899j, 0.00097562 + 0.08545219j, -0.00011528 + 0.00031110j, 0.98928643 - 0.00054218j, -0.00087893 - 0.02333360j, 0.00060557 - 0.00066476j
0.00313909 - 0.00010648j, 0.00068484 + 0.00004254j, 0.00057438 + 0.00011330j, 0.00085868 - 0.02388880j, 0.99970891 - 0.00003919j, -0.00002408 - 0.00003106j
0.00091980 - 0.00003159j, -0.00093913 - 0.00004180j, 0.00062166 - 0.00478754j, -0.00060999 - 0.00086111j, 0.00000198 - 0.00001294j, 0.99998691 + 0.00016141j
Matrix at index (3, 3):
0.99109257 - 0.00007521j, 0.01560923 + 0.00002233j, -0.00028933 - 0.08931550j, 0.00035885 - 0.08914380j, -0.00018971 - 0.00003401j, 0.03959443 - 0.00010376j
-0.00188988 + 0.00002264j, 0.99462962 + 0.00001410j, 0.00098569 + 0.06823039j, -0.00105090 + 0.06801145j, 0.00020619 - 0.00001844j, -0.03775288 + 0.00011560j
0.00035070 - 0.08921107j, -0.00103292 + 0.06678765j, 0.99337377 + 0.00027773j, -0.00630191 - 0.00009840j, -0.00052203 + 0.01884152j, -0.00089571 - 0.01980616j
-0.00045171 - 0.08905329j, 0.00111036 + 0.06658454j, -0.00620453 + 0.00005524j, 0.99339858 - 0.00042031j, -0.00082527 - 0.01902685j, 0.00071974 - 0.01979760j
0.00017293 - 0.00013788j, -0.00019162 + 0.00002969j, 0.00050646 + 0.01881008j, 0.00080970 - 0.01905868j, 0.99964090 + 0.00004062j, 0.00005419 - 0.00007479j
-0.04292362 - 0.00011633j, 0.03964637 + 0.00012647j, 0.00093646 - 0.01346590j, -0.00080393 - 0.01346937j, -0.00004233 - 0.00001686j, 0.99810892 + 0.00007148j
